5.15   0.22   3.984  1.     0.25	1	sky
5.21   0.237  3.923  1.     0.5		1	sky
5.19   0.272  3.592  1.     0.25 	1 	sky
5.17   0.332  1.962  1.     0.5 	1 	sky
5.15   0.093  3.882  1.     0.5		1 	sky
5.15   0.242  1.522  1.     0.5 	1 	sky
5.15   0.082  3.745  1.     0.25	1 	sky
5.21   0.346  2.125  1.     0.5		1 	sky
8.03   0.445  1.835  1.     0.5		1 	sky
5.17   0.416  1.947  1.     0.5		1 	sky
5.2    0.129  3.75   1.     0.5		1	sky
5.2    0.227  3.312  1.     0.25	1 	sky
5.12   0.139  5.     1.     0.25	1 	sky
5.17   0.149  4.113  1.     0.5		1 	sky
5.15   0.1    5.744  1.     0.5		1	sky
5.2    0.189  5.313  1.     0.25	1 	sky
5.15   0.198  1.673  0.75   1.		1 	sky
5.2    0.477  1.474  1.     1.		1 	sky
5.17   0.66   1.232  1.     1.		1 	sky
5.2    0.191  5.204  1.     0.25	1 	sky
5.09   0.266  2.865  1.     0.5		1 	sky
5.16   0.345  2.898  1.     0.5		1 	sky
8.02   0.657  1.417  1.     1.  	1	sky
5.17   0.221  2.473  1.     0.5 	1 	sky
5.17   0.384  1.711  1.     0.5 	1 	sky
8.01   0.091  1.148  0.5    0.75 	1 	sky
5.21   0.417  1.723  1.     0.5		1 	sky
5.19   0.16   1.802  0.75   0.5		1 	sky
5.2    0.205  2.898  1.     0.5		1 	sky
8.06   0.399  1.759  1.     0.5		1 	sky
5.06   0.353  2.143  1.     0.5		1 	sky
5.19   0.285  1.672  1.     0.5		1 	sky
5.2    0.764  1.     1.     1.   	1 	sky
5.2    0.715  1.     1.     1.		1 	sky
6.02   0.404  1.378  1.     1.  	1 	sky
5.17   0.381  1.393  1.     1.  	1 	sky
5.02   0.253  2.217  1.     0.5		1 	sky
5.17   0.374  1.624  1.     0.5 	1 	sky
5.06   0.373  2.297  1.     0.5 	1 	sky
5.2    0.066  4.35   1.     0.25 	1 	sky
8.06   0.138  2.696  1.     0.5		1 	sky
5.16   0.31   1.731  1.     0.5  	1 	sky
5.19   0.579  1.624  1.     0.5  	1 	sky
5.2    0.185  3.312  1.     0.25  	1 	sky
8.03   0.269  2.161  1.     0.5  	1 	sky
5.21   0.293  2.865  1.     0.5  	1 	sky
5.02   0.209  3.269  1.     0.25	1 	sky
5.19   0.314  2.073  1.     0.5 	1 	sky
2.05   0.569  1.747  1.     0.5  	1 	sky
5.15   0.208  3.984  1.     0.25 	1 	sky
5.21   0.249  3.984  1.     0.5  	1 	sky
5.22   0.406  2.476  1.     0.5  	1 	sky
5.2    0.471  1.821  1.     0.5 	1 	sky



8.03   0.202  4.811  1.     0.5 	2	sea
8.02   0.298  2.931  1.     0.75	2 	sea
5.17   0.392  2.179  1.     1.  	2 	sea
6.16   0.102  3.727  1.     0.75	2	sea
5.2    0.306  0.623  0.5    1. 		2 	sea
6.02   0.337  2.452  1.     0.75	2 	sea
6.02   0.479  1.861  1.     0.75	2 	sea
5.15   0.296  2.237  1.     0.5 	2	sea
5.17   0.285  3.269  1.     0.75	2 	sea
6.02   0.053  9.808  1.     0.5		2 	sea
6.02   0.171  4.474  1.     0.75	2 	sea
8.02   0.261  2.833  1.     0.75 	2 	sea
6.02   0.276  3.11   1.     0.5 	2 	sea
6.02   0.52   1.889  1.     1. 		2 	sea
5.2    0.591  1.564  1.     0.75	2 	sea
8.02   0.311  3.148  1.     0.5		2 	sea
8.02   0.311  3.148  1.     0.5		2 	sea
5.15   0.148  2.37   1.     0.75 	2 	sea
5.16   0.394  2.161  1.     0.75 	2 	sea
8.03   0.231  3.984  1.     0.75 	2 	sea
8.02   0.3    2.898  1.     0.75	2 	sea
5.16   0.181  4.722  1.     0.75 	2 	sea
8.     0.192  1.523  1.     0.75 	2	sea
5.05   0.371  2.629  1.     0.75	2 	sea
5.15   0.144  1.925  0.75   0.75 	2 	sea
8.02   0.066  2.725  1.     1.  	2 	sea
8.02   0.127  2.971  1.     0.5		2 	sea
8.01   0.434  2.198  1.     0.75	2 	sea
8.01   0.261  3.355  1.     0.75	2 	sea


8.     0.075  4.149  1.     0.75	3 	sand
8.01   0.063  5.368  1.     0.75	3 	sand
8.     0.419  1.441  1.     1. 		3 	sand
5.16   0.222  4.18   1.     0.75	3 	sand
8.02   0.345  1.992  1.     0.75	3 	sand
8.03   0.217  1.747  1.     0.75	3 	sand
8.02   0.197  5.     1.     0.75	3 	sand
8.02   0.306  3.11   1.     0.75	3 	sand
1.07   0.321  2.965  1.     0.75	3 	sand
8.     0.397  1.759  1.     0.75	3 	sand
1.22   0.151  3.806  1.     0.75	3 	sand
1.22   0.343  2.04   1.     0.75	3 	sand
1.15   0.28   1.52   1.     0.75	3 	sand
1.26   0.416  1.678  1.     0.75	3	sand
8.     0.319  2.802  1.     0.75 	3  	sand
1.04   0.177  0.935  0.5    0.75 	3 	sand
1.15   0.266  2.931  1.     0.75 	3 	sand
1.15   0.345  1.447  1.     0.75 	3 	sand
8.06   0.368  1.835  1.     0.75 	3 	sand
8.05   0.18   3.592  1.     0.75 	3 	sand


4.     0.102  4.18   1.     0.5 	4 	mountain
8.03   0.079  1.435  1.     0.5		4 	mountain
9.08   0.324  1.946  1.     0.75	4 	mountain
2.14   0.12   6.342  1.     0.75	4 	mountain
8.01   0.435  1.518  1.     0.75	4 	mountain
2.16   0.681  1.067  1.     1.		4 	mountain
4.     0.26   2.237  1.     0.75	4 	mountain
6.02   0.178  0.963  0.75   1.		4 	mountain
6.02   0.147  0.939  0.75   1. 		4 	mountain
4.     0.427  1.821  1.     0.75	4 	mountain
8.01   0.541  1.186  1.     1.		4 	mountain
8.06   0.359  1.645  1.     0.75 	4 	mountain
8.02   0.368  1.256  1.     1.  	4	mountain
8.01   0.464  1.     1.     1. 		4 	mountain
6.02   0.447  1.269  1.     1.  	4 	mountain
8.06   0.16   5.795  1.     0.75	4 	mountain
8.06   0.187  1.255  1.     1.  	4 	mountain
8.03   0.222  1.541  1.     1. 		4 	mountain
8.     0.133  1.379  1.     1. 		4 	mountain
8.07   0.478  1.349  1.     1. 		4 	mountain
5.02   0.253  2.217  1.     0.5		4 	mountain



8.01   0.091  1.148  0.5    0.75	5 	tree
6.02   0.242  1.518  1.     1.   	5 	tree
6.02   0.116  1.385  0.5    0.75 	5	tree
6.02   0.224  1.545  1.     0.75 	5 	tree
8.01   0.51   1.023  1.     1.		5 	tree
8.02   0.246  2.027  1.     0.5  	5 	tree
8.01   0.199  1.796  1.     0.5 	5 	tree
6.18   0.088  1.272  0.5    0.25	5 	tree
1.04   0.282  1.783  1.     0.5 	5 	tree
8.01   0.964  1.     1.     1.   	5 	tree
4.     0.925  1.     1.     1.   	5 	tree
8.01   0.932  1.     1.     1.  	5 	tree
8.01   0.882  1.     1.     1.  	5 	tree
8.01   0.986  1.     1.     1. 		5 	tree
8.01   0.961  1.     1.     1.  	5 	tree
8.01   0.823  1.     1.     1. 		5 	tree
8.01   0.965  1.     1.     1.  	5 	tree
6.02   0.902  1.     1.     1.  	5 	tree
8.01   0.509  0.832  1.     1.   	5 	tree
8.01   0.404  1.     1.     1. 		5 	tree
6.18   0.215  0.981  1.     1.   	5 	tree
8.01   0.676  1.     1.     1.		5 	tree
8.02   0.933  1.     1.     1.   	5 	tree
8.02   0.646  0.965  1.     1.  	5	tree
8.05   0.465  1.584  1.     0.5 	5 	tree
8.01   0.499  1.203  1.     1. 		5	tree
8.01   0.834  1.041  1.     1. 		5 	tree
8.01   0.823  1.     1.     1. 		6 	tree
8.02   0.33   1.809  1.     0.5  	6 	tree
8.01   0.576  1.441  1.     1. 		6 	tree
8.01   0.847  1.     1.     1.   	6 	tree
8.01   0.851  1.     1.     1.  	6 	tree
8.01   0.371  1.635  1.     1. 		6 	tree
8.01   0.586  1.114  1.     1.  	6 	tree
8.01   0.819  1.     1.     1.  	6 	tree
4.     0.83   1.     1.     1. 		6 	tree
4.     0.728  1.     1.     1.  	6 	tree
8.02   0.811  1.     1.     1. 		6	tree
8.02   0.885  1.     1.     1.  	6	tree
8.01   0.693  1.     1.     1.  	6	tree
1.04   0.704  0.918  1.     1.  	6 	tree



1.23   0.106  1.518  0.5    0.25	6 	sun
1.1    0.113  1.088  0.75   0.5		6 	sun
1.23   0.116  2.985  1.     0.5		6 	sun
1.23   0.116  2.985  1.     0.5		6 	sun
1.27   0.071  0.832  0.5    0.75	6 	sun
1.05   0.053  1.5    0.5    0.5		6	sun
1.26   0.056  6.538  1.     0.5  	6	sun
1.23   0.067  7.286  1.     0.5  	6	sun
1.19   0.062 10.625  1.     0.75 	6	sun
1.1    0.091  6.968  1.     0.75 	6	sun
1.1    0.058  5.795  1.     0.75 	6	sun
1.19   0.105  6.892  1.     0.75	6	sun
1.1    0.124  1.433  0.5    0.5		6	sun
1.23   0.064  1.953  0.75   0.25 	6 	sun
1.28   0.256  3.228  1.     0.25	6	sun
1.14   0.162  2.074  1.     0.5 	6	sun
1.14   0.125  4.462  1.     0.5 	6	sun
1.25   0.086  3.413  0.5    0.5		6	sun
1.26   0.099  1.144  0.5    0.5		6	sun
1.05   0.052  2.149  0.5    0.5		6	sun
1.07   0.153  3.312  1.     0.25 	6 	sun
1.26   0.105  2.113  1.     0.5  	6 	sun
1.26   0.481  1.747  1.     0.5		6 	sun
1.14   0.125  1.149  0.5    0.5  	6	sun
1.05   0.262  2.067  1.     0.5 	6 	sun
1.01   0.081  4.647  1.     0.25 	6	sun
1.1    0.093  4.     1.     0.5 	6 	sun
1.23   0.119  2.147  1.     0.5  	6 	sun
1.23   0.217  1.972  1.     0.5 	6 	sun
1.26   0.5    1.635  1.     0.5  	6 	sun
1.23   0.507  1.848  1.     0.5 	6 	sun
1.26   0.235  1.977  1.     0.5  	6 	sun
1.23   0.089  1.359  0.75   0.5  	6 	sun
1.14   0.234  2.009  1.     0.5 	6 	sun
1.1    0.084  1.854  0.75   0.75 	6 	sun
1.1    0.105  1.936  0.75   0.5		6 	sun
1.09   0.095  3.275  1.     0.25  	6 	sun
1.1    0.207  2.898  1.     0.5		6 	sun
1.01   0.077  3.463  1.     0.25  	6 	sun
1.07   0.058  0.793  0.75   0.5  	6 	sun
1.26   0.067  0.989  0.5    0.5  	6 	sun
1.1    0.119  2.13   1.     0.5  	6 	sun
1.27   0.054  0.807  0.5    0.75	6 	sun

6.12   0.369  1.     1.     1.		7 	grass
6.12   0.149  1.77   1.     0.75 	7 	grass
8.07   0.342  1.821  1.     0.75	7 	grass
8.01   0.499  1.821  1.     0.75	7	grass
8.02   0.357  1.689  1.     0.75	7	grass
8.01   0.196  1.992  1.     0.75 	7 	grass
6.13   0.105  7.969  1.     0.75  	7 	grass
8.05   0.055 11.591  1.     0.75	7 	grass




		
	





























