1.05   0.237  3.923  1.     0.5		1	sky
1.26   0.22   3.984  1.     0.25	1 	sky
1.23   0.272  3.592  1.     0.25	1	sky
1.26   0.242  1.522  1.     0.5 	1	sky
1.05   0.082  3.745  1.     0.25	1	sky
1.05   0.346  2.125  1.     0.5 	1	sky
8.07   0.445  1.835  1.     0.5		1	sky
1.27   0.227  3.312  1.     0.25	1	sky
1.26   0.283  1.917  1.     0.5 	1	sky
1.26   0.416  1.947  1.     0.5		1	sky
1.07   0.129  3.75   1.     0.5		1	sky
1.05   0.106  3.236  1.     0.75	1 	sky
1.19   0.139  5.     1.     0.25 	1	sky
1.19   0.149  4.113  1.     0.5		1	sky
1.26   0.1    5.744  1.     0.5 	1	sky
1.07   0.189  5.313  1.     0.25 	1	sky
1.26   0.477  1.474  1.     1.  	1	sky
1.26   0.198  1.673  0.75   1.		1	sky
1.19   0.66   1.232  1.     1.   	1	sky
1.07   0.191  5.204  1.     0.25	1	sky
1.26   0.266  2.865  1.     0.5 	1	sky
1.26   0.092  2.466  0.5    0.5		1	sky
8.02   0.657  1.417  1.     1.   	1	sky
8.05   0.373  2.297  1.     0.5 	1	sky
8.06   0.31   1.731  1.     0.5 	1 	sky
1.26   0.579  1.624  1.     0.5 	1	sky
1.19   0.116  6.22   1.     0.25	1	sky
8.02   0.189  4.18   1.     0.5 	1	sky
1.19   0.185  3.312  1.     0.25	1	sky
1.27   0.471  1.821  1.     0.5		1	sky
1.13   0.406  2.476  1.     0.5		1	sky
4.     0.208  3.984  1.     0.25 	1	sky
1.05   0.249  3.984  1.     0.5  	1	sky
1.22   0.569  1.747  1.     0.5		1	sky
8.05   0.293  2.865  1.     0.5		1	sky
1.1    0.209  3.269  1.     0.25	1	sky
1.05   0.314  2.073  1.     0.5 	1	sky
1.19   0.206  3.643  1.     0.25 	1	sky
1.27   0.218  3.148  1.     0.5		1	sky
4.     0.384  1.711  1.     0.5  	1	sky
1.14   0.16   1.802  0.75   0.5		1	sky
1.26   0.205  2.898  1.     0.5		1	sky
8.02   0.178  0.963  0.75   1. 		1	sky
1.26   0.353  2.143  1.     0.5		1	sky
8.01   0.404  1.378  1.     1.  	1	sky
1.07   0.625  1.     1.     1.  	1	sky
8.05   0.417  1.723  1.     0.5 	1	sky
2.05   0.122  3.338  1.     0.25    	1	sky
1.12   0.152  1.224  0.5    0.5		1	sky
8.01   0.404  1.378  1.     1.  	1	sky
1.07   0.764  1.     1.     1.   	1	sky
1.07   0.715  1.     1.     1.		1	sky
1.19   0.856  1.063  1.     1.  	1	sky
1.07   0.381  1.393  1.     1.		1	sky
1.19   0.374  1.624  1.     0.5  	1	sky
1.23   0.253  2.217  1.     0.5 	1	sky
1.07   0.322  1.417  1.     1.		1	sky
1.19   0.373  1.821  1.     0.5 	1	sky
8.01   0.264  2.656  1.     0.5  	1	sky
1.21   0.662  1.067  1.     1.  	1	sky
1.07   0.251  2.713  1.     0.5		1	sky
1.19   0.348  1.835  1.     0.5		1	sky
8.01   0.319  1.783  1.     0.5		1	sky
8.07   0.28   2.742  1.     0.5		1	sky
1.07   0.132  2.538  1.     0.25	1	sky
1.12   0.262  1.949  1.     0.5		1	sky
1.07   0.398  1.02   1.     1. 		1	sky

8.05   0.202  4.811  1.     0.5 	2	sea
8.01   0.298  2.931  1.     0.75	2	sea
1.23   0.392  2.179  1.     1.   	2	sea
1.07   0.337  2.452  1.     0.75 	2	sea
8.07   0.479  1.861  1.     0.75	2	sea
1.26   0.296  2.237  1.     0.5		2	sea
8.01   0.285  3.269  1.     0.75	2	sea
1.05   0.783  1.     1.     1.		2	sea
4.     0.053  9.808  1.     0.5		2	sea
8.01   0.52   1.889  1.     1.		2	sea
8.01   0.171  4.474  1.     0.75	2	sea
8.01   0.138  5.     1.     0.75 	2	sea
8.01   0.261  2.833  1.     0.75 	2	sea
8.01   0.276  3.11   1.     0.5 	2	sea
8.01   0.149  3.923  1.     0.75 	2	sea
9.04   0.591  1.564  1.     0.75 	2	sea
8.02   0.127  2.971  1.     0.5		2	sea
1.26   0.144  1.925  0.75   0.75	2	sea
8.01   0.127  6.071  1.     0.5 	2	sea
1.26   0.269  2.161  1.     0.5 	2	sea
1.26   0.148  2.37   1.     0.75	2	sea
1.15   0.394  2.161  1.     0.75 	2	sea
8.05   0.231  3.984  1.     0.75	2	sea
1.15   0.181  4.722  1.     0.75 	2	sea
8.01   0.643  1.104  1.     1.   	2	sea
1.26   0.371  2.629  1.     0.75	2	sea
1.18   0.25   2.024  1.     0.75 	2	sea



8.05   0.075  4.149  1.     0.75 	3	sands
5.21   0.151  3.806  1.     0.75	3	sands
6.02   0.063  5.368  1.     0.75	3	sands
5.13   0.23   3.     1.     0.75	3	sands
1.04   0.419  1.441  1.     1.  	3	sands
8.07   0.222  4.18   1.     0.75 	3	sands
1.26   0.345  1.992  1.     0.75	3	sands
8.     0.13   1.929  1.     0.75 	3	sands
8.03   0.28   1.52   1.     0.75 	3	sands
8.03   0.197  5.     1.     0.75 	3	sands
8.03   0.306  3.11   1.     0.75	3	sands
8.02   0.321  2.965  1.     0.75	3	sands
8.02   0.397  1.759  1.     0.75 	3	sands
8.02   0.416  1.678  1.     0.75	3	sands
8.05   0.319  2.802  1.     0.75	3	sands
8.     0.177  0.935  0.5    0.75	3	sands
5.21   0.266  2.931  1.     0.75 	3	sands
8.06   0.345  1.447  1.     0.75 	3	sands
8.02   0.368  1.835  1.     0.75	3	sands
8.     0.18   3.592  1.     0.75	3	sands
6.03   0.072  2.867  0.5    0.75	3	sands

8.06   0.324  1.946  1.     0.75	4	mountain
8.01   0.435  1.518  1.     0.75	4	mountain
1.14   0.16   1.802  0.75   0.5  	4	mountain
1.05   0.681  1.067  1.     1. 		4	mountain
8.     0.067  2.212  0.5    0.5 	4	mountain
8.     0.399  1.759  1.     0.5 	4	mountain
8.01   0.26   2.237  1.     0.75	4	mountain
1.07   0.147  0.939  0.75   1.		4	mountain
4.     0.427  1.821  1.     0.75	4	mountain
8.     0.359  1.645  1.     0.75	4	mountain
2.1    0.094  1.163  0.5    0.5 	4	mountain
8.07   0.368  1.256  1.     1.		4	mountain
8.02   0.464  1.     1.     1.   	4	mountain
8.     0.359  1.645  1.     0.75	4	mountain
8.07   0.093  1.283  0.75   1. 		4	mountain
8.05   0.447  1.269  1.     1.		4	mountain
8.     0.16   5.795  1.     0.75	4	mountain
1.05   0.072  1.185  0.5    0.75	4	mountain
8.05   0.082  0.974  0.75   0.75	4	mountain
1.24   0.187  1.255  1.     1.		4	mountain
1.04   0.133  1.379  1.     1.		4	mountain
8.03   0.222  1.541  1.     1.		4	mountain
8.07   0.478  1.349  1.     1.  	4	mountain
1.26   0.125  1.582  0.75   0.5		4	mountain
1.26   0.116  1.385  0.5    0.75	4	mountain
8.01   0.374  1.005  1.     1.		4	mountain
4.     0.144  2.681  1.     0.75	4	mountain
1.04   0.605  1.123  1.     1.		4	mountain
8.07   0.571  1.25   1.     1.  	4	mountain
8.     0.625  1.154  1.     1.		4	mountain
1.14   0.062  1.5    0.5    0.5		4	mountain
6.02   0.284  1.7    1.     1.		4	mountain
8.01   0.517  1.154  1.     1.		4	mountain
8.02   0.389  1.527  1.     1. 		4	mountain
8.01   0.505  1.203  1.     1. 		4	mountain
8.02   0.46   1.25   1.     1.		4	mountain
8.     0.576  1.238  1.     1.		4	mountain

4.     0.091  1.148  0.5    0.75	5	tree
4.     0.081  1.394  0.75   0.75	5	tree
8.01   0.08   1.187  0.5    0.75	5	tree
4.     0.091  1.148  0.5    0.75	5	tree
8.01   0.083  2.841  1.     0.75	5	tree
8.01   0.154  3.014  1.     0.75 	5	tree
8.01   0.242  1.518  1.     1.		5	tree
8.01   0.224  1.545  1.     0.75	5	tree
6.02   0.077  0.595  0.75   0.75	5	tree
8.03   0.168  2.198  1.     0.75	5	tree
6.16   0.2    1.717  1.     0.75	5	tree
6.15   0.114  5.1    1.     0.75	5	tree
8.02   0.107  1.496  1.     0.75	5	tree
8.02   0.066  1.738  0.5    0.75	5	tree
8.03	0.372	1.000	1	1	5	trees
8.03	0.151	1.770	1	0.75	5	trees
8.01	0.809	1.000	1	1	5	trees
6.02	0.388	1.782	1	0.5	5	trees
6.02	0.499	1.821	1	0.75	5	trees
8.03	0.981	1.000	1	1	5	trees
8.01	0.11	0.255	0.25	1	5	trees
8	0.761	0.965	1	1	5	trees
6.02	0.117	0.993	0.5	1	5	trees
8.03	0.057	0.533	0.25	0.5	5	trees
6.02	0.514	1.203	1	1	5	trees
8.01	0.659	1.000	1	1	5	trees
8.03	0.113	5.005	1	0.25	5	trees
6.02	0.855	1.104	1	1	5	trees

5.15	0.075	4.449	1	0.5	6	sun
5.03	0.099	4.009	1	0.75	6	sun
5.07	0.098	1.260	0.75	0.75	6	sun
5.02	0.106	1.518	0.5	0.25	6	sun
5.17	0.061	1.226	0.75	0.5	6	sun
5.04	0.113	1.090	0.75	0.5	6	sun
5	0.116	2.984	1	0.5	6	sun
5.2	0.095	0.778	0.5	1	6	sun
5.04	0.071	0.833	0.5	0.75	6	sun
5.09	0.131	5.533	1	0.75	6	sun
5.12	0.062	10.596	1	0.75	6	sun
5.01	0.07	3.097	0.75	0.25	6	sun
5.12	0.124	1.432	0.5	0.5	6	sun
5.15	0.064	1.952	0.75	0.25	6	sun
5.19	0.162	2.076	1	0.5	6	sun
5.04	0.131	4.256	1	0.75	6	sun
5.06	0.098	2.272	1	0.5	6	sun
5.01	0.133	4.463	1	0.5	6	sun
5.21	0.068	3.654	1	0.25	6	sun
5.16	0.202	3.309	1	0.5	6	sun
5.09	0.07	2.555	0.75	0.5	6	sun
5.16	0.15	3.860	1	0.5	6	sun
5.21	0.147	3.984	1	0.25	6	sun
5.2	0.096	0.945	0.75	0.5	6	sun
5.17	0.057	1.470	1	0.75	6	sun
6.02	0.105	1.411	0.75	0.75	6	sun
5.06	0.217	1.916	1	1	6	sun
5.02	0.307	1.510	1	1	6	sun

6.02	0.533	1.023	1	1	7	grass
6.02	0.533	1.023	1	1	7	grass
8.06	0.074	1.193	0.75	0.5	7	grass
5.05	0.051	3.311	0.75	0.75	7	grass
8.01	0.196	1.992	1	0.75	7	grass
6.02	0.105	7.968	1	0.75	7	grass
6.02	0.321	1.023	1	1	7	grass
8.02	0.055	11.581	1	0.75	7	grass
6.02	0.218	0.982	1	1	7	grass
8.02	0.253	2.503	1	0.75	7	grass
6.02	0.187	1.640	1	0.75	7	grass
6.02	0.303	1.834	1	0.75	7	grass
6.16	0.291	0.941	1	1	7	grass
8.03	0.739	1.080	1	1	7	grass
8.03	0.118	0.893	0.5	1	7	grass
8.03	0.098	3.213	1	0.75	7	grass
6.02	0.157	1.923	1	0.75	7	grass
5.04	0.053	0.765	0.25	0.75	7	grass
8.06	0.056	1.094	0.75	0.5	7	grass
8.03	0.269	1.688	1	0.75	7	grass
5.05	0.562	0.902	1	1	7	grass
4	0.084	1.781	1	0.75	7	grass
8.01	0.084	2.700	0.5	0.75	7	grass
12.01	0.182	1.627	1	0.5	7	grass
6.03	0.165	1.325	1	0.75	7	grass
12.01	0.062	2.452	0.5	0.75	7	grass

























